


a = [10 ; 02; 32]

